1
964
145
78
5
6
7
417
9
582
695
147
630
454
15
16
92
516
859
691
595
22
23
661
804
993
717
28
699
438
667
32
195
837
35
844
37
932
722
40
274
229
253
44
857
46
135
432
450
666
51
52
725
11
972
368
57
58
683
378
797
20
629
365
65
63
621
285
726
70
71
905
34
362
47
76
398
434
603
529
396
82
248
623
85
86
69
830
89
90
325
566
238
462
95
96
272
98
711
864
101
102
269
252
904
660
304
937
451
110
111
112
60
263
877
267
788
100
688
120
768
122
771
124
125
126
682
128
129
869
966
160
133
648
75
136
137
138
693
104
184
969
41
373
593
738
193
148
149
150
641
919
153
68
26
156
157
537
159
615
483
762
839
328
165
626
167
168
805
463
171
172
173
174
73
781
139
223
338
42
558
182
565
545
177
186
187
188
581
526
358
958
12
927
33
521
123
198
748
200
56
202
61
508
414
583
207
208
209
302
938
212
213
214
215
596
197
218
219
181
221
134
889
224
675
226
227
573
858
457
367
232
673
588
908
236
638
554
239
240
241
151
243
388
628
741
247
707
249
250
251
676
718
986
19
794
246
273
259
260
261
652
256
264
996
266
310
268
103
270
271
97
522
999
275
599
854
886
774
916
281
318
170
931
780
732
287
957
179
290
528
292
594
294
612
642
297
298
702
300
306
210
903
645
608
276
307
308
309
915
311
116
313
314
315
296
317
282
319
636
74
322
323
324
856
169
848
164
778
567
331
479
653
400
335
336
391
289
144
340
341
342
390
374
345
346
347
983
155
185
546
715
444
464
355
10
330
79
359
360
731
449
363
364
933
24
847
424
369
115
371
372
339
344
55
694
377
113
106
590
892
382
520
384
385
563
953
244
354
943
481
392
211
14
233
81
397
689
230
866
401
84
403
404
507
841
407
408
486
166
411
914
413
926
415
437
295
418
709
487
421
422
423
782
66
426
427
452
17
350
978
975
453
91
435
436
416
976
439
440
441
973
443
353
875
326
59
906
225
756
597
428
433
672
728
191
43
458
787
460
461
94
283
803
465
466
467
990
469
470
677
420
473
560
475
920
477
992
332
480
924
482
161
484
485
409
472
963
83
940
692
961
493
262
495
242
50
498
512
650
744
502
503
832
505
506
758
204
657
474
478
541
510
514
67
712
517
518
923
383
578
897
664
524
525
190
631
819
639
530
531
955
970
534
535
536
559
538
740
121
8
542
543
544
337
855
547
548
549
389
551
552
579
533
499
279
557
351
158
700
561
562
386
564
183
303
357
605
569
570
910
196
228
574
584
874
577
785
553
580
640
381
394
742
585
586
704
730
589
380
591
592
143
293
21
793
936
598
321
49
601
430
117
604
141
606
607
456
609
610
845
320
132
614
53
616
333
429
619
620
154
622
878
624
798
410
627
356
501
13
445
87
633
634
635
802
637
395
4
399
488
893
643
644
719
843
600
946
611
862
199
790
527
654
178
713
950
119
515
312
366
885
114
406
750
519
305
668
669
879
671
206
80
900
836
201
471
180
735
680
681
814
447
647
685
686
146
658
77
690
651
890
291
376
54
696
697
698
29
720
678
299
703
587
980
497
446
708
977
968
99
18
656
714
352
716
27
810
834
745
721
39
723
724
509
31
348
455
729
769
767
618
733
734
255
736
370
997
739
539
216
442
743
511
513
419
747
217
749
316
751
962
753
754
755
684
757
974
759
760
761
988
763
764
765
766
665
36
72
770
379
772
773
556
775
776
777
901
779
245
175
941
783
784
3
786
871
613
789
494
791
131
257
663
795
796
203
625
799
152
801
555
130
25
489
806
808
807
809
705
951
812
571
127
815
816
817
818
105
934
361
822
823
824
825
826
827
895
829
813
831
504
833
393
835
301
176
838
163
948
706
842
646
540
649
846
821
277
849
850
851
852
853
62
220
496
45
235
30
860
861
500
918
38
865
162
867
868
840
870
459
872
873
576
617
876
737
884
670
880
881
882
883
949
662
278
887
888
602
491
891
258
568
894
811
896
659
928
899
674
329
902
286
655
911
448
402
944
909
88
523
912
913
412
550
280
917
284
800
476
921
922
575
746
925
205
194
898
929
930
863
93
64
820
935
109
349
107
939
490
140
942
343
727
945
222
947
998
907
956
828
952
387
979
532
288
254
192
959
960
492
752
237
572
965
792
967
710
142
118
971
375
234
405
48
679
327
468
954
189
981
982
701
984
985
632
987
334
989
431
991
425
687
994
995
265
231
108
2
1000