383
2
3
4
5
6502
1130
5811
80
2092
1889
3969
8835
4464
15
425
17
1692
19
20
8513
2767
6009
24
1296
26
292
28
104
3412
8495
6281
33
5724
35
36
7199
38
3624
40
6453
3897
43
3310
9064
8162
9318
6715
3987
8436
51
1052
53
4771
55
56
4308
8138
4599
60
61
6996
3323
9915
5620
5117
6790
5517
106
7614
4458
3714
73
8748
5685
1439
77
473
2563
9122
6179
2794
83
4998
1046
1620
8705
88
89
2581
8796
92
2378
94
6710
8499
97
98
3486
100
5723
6508
5188
29
105
6566
1494
108
7773
110
4298
112
113
4955
115
8062
8565
118
4122
4052
5131
3679
123
1278
5128
8088
127
5950
129
4928
4150
132
133
134
8649
3155
4966
138
4659
140
141
3059
2143
144
8193
146
147
3664
149
5775
8199
9492
8383
6184
6561
156
157
158
159
160
161
5200
1969
164
4089
8572
6438
5535
169
170
7984
4660
3400
174
9960
7621
177
9822
255
2875
63
2121
8420
184
7440
7572
8643
4989
8928
7665
191
2214
1772
3814
2986
4926
197
5487
641
6233
8799
4019
3637
3616
6040
7050
7493
208
4374
7333
211
212
337
2069
215
216
2445
2281
723
220
1644
222
1352
224
225
2624
5851
3777
229
230
9119
232
7470
234
9100
1313
9669
7677
2046
1434
1743
4004
243
1446
3907
246
247
8502
4100
183
251
9573
3745
2778
8492
5656
2504
258
259
4071
261
8570
263
9976
8371
266
267
268
2912
270
6587
8202
8399
274
275
4460
9847
278
1077
280
8267
282
283
3914
285
1544
9926
7393
5546
6859
1060
6326
2426
294
295
6060
6459
5029
5470
7541
8497
2429
303
3365
3250
306
307
308
344
310
3817
9102
313
6398
4075
7506
8785
8432
1627
320
321
2463
323
7926
2963
4225
327
5711
6983
3578
5690
332
333
334
6483
437
213
338
498
1841
862
342
2825
5864
6601
346
9435
348
6054
9587
685
352
353
6399
8899
1932
357
358
359
4583
1750
7842
2056
364
365
366
3361
537
2438
370
9717
2215
4814
374
375
699
9419
378
379
8075
381
382
1
7904
45
625
387
388
389
390
4456
392
7766
8966
665
396
397
398
2244
1026
401
402
403
3653
405
5980
407
408
4968
5525
2414
412
2886
6376
415
7110
417
3916
419
1342
7901
422
902
424
16
426
8165
4760
4381
430
8518
2065
585
6875
4536
9763
8751
6125
439
440
5305
2804
4313
9454
445
446
447
448
8085
2758
1476
452
453
454
6682
456
457
5969
7074
7374
461
5974
5300
10000
465
1714
3772
2500
469
470
471
472
2451
474
1089
4625
5943
478
479
2819
481
3887
483
7095
2420
486
9937
488
489
5791
491
8772
4311
494
495
4748
3048
7529
5254
1553
6117
1210
503
3982
1421
506
8824
6195
2122
510
511
512
513
5366
515
9683
517
8054
519
1879
4544
8875
3874
3758
8264
526
527
2350
662
1719
531
6788
4020
7173
535
7418
1490
538
3282
9004
2669
542
9200
658
1917
5752
1971
548
2955
550
2404
2013
9385
1926
6830
6824
5951
5804
2593
560
9112
562
563
2448
565
2274
3108
4066
8959
7737
3582
572
3003
574
575
576
577
1469
579
8613
1903
582
5368
6893
1858
586
6747
887
589
6886
591
736
593
2176
6791
380
597
7646
599
600
601
602
603
604
7315
4112
8417
7563
609
2776
7868
612
5269
9451
7941
616
7537
1285
619
620
621
377
7653
9079
8135
626
627
5769
629
6657
631
632
633
634
635
9144
637
4556
6827
640
5158
2721
643
644
645
3450
9475
648
2468
650
1187
652
653
3492
655
656
657
544
2294
5344
661
529
6844
664
395
5433
667
733
669
670
3132
672
673
3335
7181
676
2833
678
679
1965
3025
682
683
684
950
686
687
6267
8358
695
691
5849
693
694
2795
696
804
2326
5714
7898
701
702
6476
2503
3903
262
707
6347
709
710
711
9357
6115
5171
540
8175
5287
6369
719
720
721
708
219
7427
725
8171
813
728
729
8809
6301
732
668
596
3718
592
3534
3303
9884
740
2479
742
743
5675
4612
3465
3917
748
1821
4610
2344
752
6582
754
2571
72
864
5010
913
2189
761
762
3654
764
2030
3422
1623
2462
6327
3983
7745
5142
2351
774
3425
776
777
606
7024
7650
8719
782
7078
784
9755
786
8913
788
2607
790
791
792
793
7515
3342
57
1999
6119
3935
199
801
802
803
697
805
6897
9120
3595
326
5818
9183
6783
6568
814
9776
816
9212
818
819
820
5452
9949
8154
824
7383
6339
2483
4693
829
830
6675
832
7049
834
835
2850
3446
9302
839
3678
5288
842
843
5384
845
846
847
848
5930
4665
3614
1262
853
6542
8902
3763
857
858
5101
9585
9476
4054
863
2586
52
866
867
868
8843
2553
871
8163
873
7498
3362
876
6041
8624
879
904
4591
5748
883
7018
885
3858
588
6585
889
1165
891
7392
500
894
9279
896
2796
3879
8846
6910
901
5856
903
8331
8860
906
907
908
909
910
200
912
759
6555
915
916
917
918
919
920
5972
922
1563
3068
925
926
927
4994
363
930
9682
7684
4260
7619
935
2897
937
938
939
9040
941
942
943
5000
2269
7891
947
948
949
9490
5968
952
7859
954
3618
2873
7350
958
1023
6766
7768
962
963
66
6911
966
967
968
5982
970
971
2346
6142
1345
6479
2149
977
8621
979
4841
674
9375
1966
984
985
3946
987
988
3706
2619
7567
992
993
1428
995
996
6365
9123
6517
8001
1337
1002
1003
4595
1005
1006
9000
6990
3493
1010
5865
5381
493
1014
1015
7722
7222
1018
8967
7111
1021
1022
959
4495
2823
400
1027
7727
1694
9114
5611
5992
1033
5322
3852
3192
4476
3881
9
178
7031
7053
1043
7202
9291
7695
4735
1048
1049
1050
2869
4802
1997
1054
1674
1056
7612
1058
1059
838
7186
1062
8130
1064
1065
6787
3494
2502
1069
1070
1071
2233
1073
4486
1075
1076
279
1078
9089
5015
1081
1082
4775
1084
1085
1086
7592
2335
4059
8047
1091
1092
1093
1094
3357
1096
1097
6180
3214
8894
9895
8514
1103
1104
3255
4699
1107
5593
1109
7954
1111
1112
4049
4732
1115
1116
9014
1927
9024
1110
1121
4370
2498
9054
7725
1126
7690
1128
1731
7
2953
6485
1133
3142
1135
1136
4521
1138
1139
1140
1317
2901
1143
6455
6342
623
2659
1148
1149
1150
1151
1152
3961
1154
4598
1156
1157
7787
7243
1160
1161
7601
1163
1164
890
1166
5314
6547
5773
2791
6570
7761
4428
5643
1175
1176
8218
4905
9835
6295
6042
4961
3930
1184
7461
1186
5365
9346
8395
2007
8886
3196
1193
1194
7655
1483
7317
2680
1199
1200
9310
4169
1203
7187
7025
1206
4244
3834
2044
3029
6726
233
2005
738
1215
1216
4684
1218
1924
1220
1221
1222
869
8851
3822
9888
8491
1228
677
1230
1231
1232
8115
6872
1235
8918
1703
8340
827
3569
1722
6764
3381
1244
1245
5704
1247
2300
1249
8672
1395
615
3801
1254
5891
5798
9282
5970
1259
1260
6751
2620
1263
1264
4642
1266
298
1268
1269
1270
1271
3931
5086
1274
6081
1276
7339
124
2314
1280
5984
9770
5554
1284
5222
1286
1087
1288
6754
1290
103
6842
6328
39
1295
25
2308
1298
1950
7162
198
8616
1303
6730
1380
1306
428
1308
1309
8818
1311
4645
9507
8291
1315
1316
8063
5917
3951
8858
7590
5032
1323
6606
7172
5018
9711
1328
1329
8144
4163
1836
6890
2119
1335
1336
9211
5181
1339
7909
340
420
2408
4799
23
1246
7673
2574
2228
9268
1170
223
6725
9512
4826
1356
8057
1973
1359
2768
462
6203
9339
1364
4653
1366
1367
3966
6019
4073
7093
1372
3980
9495
1299
1376
2780
1378
5585
3417
5908
8990
8831
1384
3411
1386
1387
1388
1389
8153
8332
8834
2800
1394
750
1396
4988
7686
1399
6472
4559
1914
7881
7651
1405
5602
9500
1408
2183
1410
4862
1412
1413
8548
4974
9698
1417
4470
3429
1420
505
9169
1423
1424
7569
6936
5441
1665
1429
2949
5497
1432
2522
240
1435
4517
1437
753
1198
1440
3413
6773
2169
8317
1445
2127
1447
578
1974
1450
9603
1452
6674
4510
9028
7548
9048
6126
7273
9398
1461
8159
1463
1809
7550
1466
1467
1468
210
1470
9091
8367
1473
1474
4444
892
4759
1478
1479
1600
1481
1482
8065
3954
1485
1486
1487
7994
975
6396
5761
6686
7312
4363
7242
7447
1455
5957
1499
7682
8630
8937
7234
1907
207
8379
1507
3865
1509
1510
1511
2899
8555
1514
5681
1516
2039
1518
2303
1520
1521
1522
1523
8064
7819
3787
5203
9825
4602
5011
1325
9437
9637
6670
1535
1536
1537
1538
1539
1540
4350
1555
4275
286
8910
4072
1547
1548
1549
6653
6868
1552
9837
6016
6309
1828
8426
1558
1559
1560
3671
1593
9386
1564
8934
1566
1567
1568
4855
2597
3485
6964
1573
1574
1575
1576
1577
6850
6693
1580
1581
1582
2548
1462
3502
5975
727
1433
1589
1590
5886
2110
6061
7763
8863
1596
5310
1598
1599
1844
1601
3535
6985
7143
1605
1834
4562
480
1609
9007
1611
8891
1613
1614
2969
1616
1617
1618
2053
1961
2236
7544
767
1624
5875
1626
9640
2290
1629
9181
4971
7584
1633
1634
4804
8415
5519
2395
1639
1640
1641
8161
9652
3543
1645
2651
9730
9138
1649
3045
1651
3418
1653
9298
1655
3169
6530
7618
8274
1660
2770
7200
1663
30
994
3254
2639
1668
1669
9086
2573
6519
6528
9356
1675
1676
1349
1678
1679
2702
9438
1682
1683
1684
1631
2763
9266
1688
4210
1690
8583
18
1693
1029
797
8735
1697
1698
6370
1700
1701
3885
7353
1704
1805
3218
6834
7210
1709
1710
1711
1712
4616
4093
1715
6293
2371
1718
7313
7481
2334
3226
7924
1724
9224
4561
6277
1728
7784
1730
5202
1732
6661
6801
4439
330
5124
9548
2018
1740
2347
1742
6694
6220
1745
1746
1747
1748
5259
6937
1751
1334
3871
1754
1755
1756
2461
1758
1759
1491
9541
3872
3103
6958
561
1766
1767
1768
4762
1770
9635
4534
1773
9973
1775
1776
7963
1789
5762
1780
1781
8282
1477
7214
3529
2126
8964
1764
1778
1790
1791
1792
1793
1305
1795
8424
1797
1798
1799
1800
1801
3001
6456
7040
9161
1806
7118
9018
1464
1810
1811
1928
4795
1814
9677
155
4745
6703
6325
1820
749
1822
1823
2141
1825
1826
1827
716
1829
4215
1831
317
1833
2706
1835
6664
1837
8533
7082
659
9274
9987
1554
3436
1845
7482
1495
1848
8617
3559
3656
1852
1853
1854
1855
1856
1857
6269
5879
8652
2289
1862
8674
1864
6523
2247
1867
8344
4978
1870
1871
1872
7710
6230
9797
1876
1877
6384
520
2766
7368
5683
1883
4834
9501
2880
1887
3449
450
6085
1891
1892
8457
4339
8773
3179
9826
1898
9808
1900
6410
7183
8
1904
1219
1906
6174
757
1909
660
5764
1912
7781
1402
1444
1234
5549
6494
1919
2805
1426
1922
1923
7914
8561
929
1118
5442
2748
7900
1277
5457
1933
4301
1935
1936
1937
9574
755
9315
3592
2712
1943
7860
9748
4042
1947
1948
8000
5140
360
9118
4407
2356
8579
1956
1957
2705
3488
1960
5858
9516
1963
1964
8335
5075
1967
6512
163
8620
6147
1972
5239
9076
4776
1332
1955
300
1979
1980
3167
831
1983
1984
1985
7155
1252
3537
8702
4585
4786
3928
739
6132
1995
6643
315
4450
1695
2000
9722
2002
2003
2004
6442
4949
1125
5061
2226
2684
9694
2012
3246
9394
849
2016
8820
1739
7632
2020
2021
2022
9382
9849
3106
7574
2027
2028
6994
4241
2031
7007
9880
2034
2035
2036
2775
5493
4383
2287
8744
2042
2043
4047
6883
8254
2047
5713
7800
2050
2051
6770
71
2054
2055
5174
2057
9311
2059
2720
1953
4207
5932
5034
432
2194
4518
1954
7762
4012
2071
2072
2073
5485
1939
9044
2077
9422
2079
2080
9506
7341
318
4678
4440
8704
2087
2088
2089
4781
2091
8534
2093
9458
2095
2096
2097
6294
2099
2100
9376
2102
7434
1224
2105
2106
2107
2108
7778
6684
2111
5053
2113
3617
7248
6436
2117
2118
1752
6444
4906
509
3633
6941
8430
1786
7533
1144
5604
6588
2131
209
9408
2134
2135
1471
2137
120
1418
4515
9801
2142
7134
3800
2145
2146
6928
5668
976
8626
1016
3893
2688
2154
7743
2156
7702
2158
7578
3550
2161
2162
2163
1282
2165
3687
2167
7272
3676
2170
2171
2172
2173
3121
3143
594
7949
2178
2179
2180
2181
5830
618
165
2185
4569
2187
6131
1217
681
2191
5985
2193
4702
2195
2196
2197
2198
2199
2200
2201
1859
2203
4925
9092
8611
4754
7810
3202
7866
2285
4852
2213
1807
7346
2216
8363
533
2219
2220
2221
9894
5654
9185
7028
2009
5495
2848
3369
2230
613
2232
2701
4070
2235
4167
2237
9821
2239
2240
2398
4057
9921
5036
2245
2246
4343
2248
5110
3030
2251
2252
8400
4904
1986
4993
2257
3735
2259
9620
2261
128
4340
2264
3021
2266
8207
2268
945
4148
5184
3952
6154
1782
2275
2276
2277
5409
2279
5459
9606
2282
4899
5145
5906
2286
6393
2288
1861
3253
2291
2292
7438
7485
1403
2566
2297
5189
196
1817
2301
3919
1519
1321
2867
7912
8637
1297
2309
4165
7647
3596
8569
7408
4533
1162
271
2318
2511
2320
8303
2322
8049
2324
2490
6794
4703
50
651
8046
5232
7298
628
7509
7052
9830
2337
3889
2339
6390
9062
8068
2343
2231
2345
972
4159
6139
175
3944
773
5063
7656
6605
2311
2829
4366
6635
3959
2249
6303
2362
1842
1168
2365
5469
4055
2924
2369
2370
5559
2372
2373
2374
7064
6881
2377
2890
3018
7804
8456
2382
2383
2384
1878
8642
2387
9352
2534
2390
2391
2392
2999
4395
5223
4278
2559
5112
2103
2400
2401
6789
2403
3242
1419
6101
3065
1343
2409
4149
859
5837
9690
7789
2415
7565
2417
2418
6963
485
2421
7170
2423
2424
2425
5422
2427
2428
2524
2430
3760
6822
2433
2434
8874
2436
7880
9663
7589
1379
2441
62
1713
2444
187
9448
2447
3004
5096
3185
7308
8349
2453
2454
7338
6006
2457
2458
2736
4448
4317
4430
7416
2464
2465
5633
7583
649
2469
2470
8998
7491
6763
2474
2475
2476
3256
4117
8547
5235
2481
2482
882
2484
9654
3307
2487
2811
2489
4716
2491
2492
2493
5565
2495
2496
2497
2254
2499
4095
22
758
7657
3239
2505
6638
9251
5424
2509
2510
2175
8976
6921
2753
8710
9035
2517
2518
8757
2520
2521
1588
6673
4809
2525
1240
9055
2528
7306
3869
4552
2532
7730
8608
2535
8323
2537
3997
2539
2540
2541
2716
429
2544
2545
5392
2547
1583
2549
2550
1360
2552
1765
2554
5262
6769
9087
8658
2397
2977
2561
1860
79
2564
6955
7797
2567
1706
1506
2570
5321
2632
2255
5691
2575
7419
2577
9179
2579
2580
6820
598
2583
4224
3267
8234
2587
534
2589
8440
7377
8720
6532
2594
2595
3619
8151
4923
2599
8703
4266
5123
3557
8673
2605
2606
789
2956
2609
2610
955
3230
2613
5098
2615
3398
2617
9723
990
8861
2621
6571
2623
4096
5343
1030
2627
221
524
3383
2631
6246
2633
8463
2635
2636
2001
185
9811
2640
2641
2642
2643
2644
7417
2646
3215
1874
2649
2650
1267
2652
2653
2654
7301
1032
2657
7356
6169
2837
9431
6905
2663
2664
119
2666
3636
2668
7918
442
4821
3481
2673
2674
6740
7504
3430
5715
9624
9288
1865
2682
6962
5814
2685
7522
7798
2153
2689
3940
5958
7323
2693
9060
530
1371
9277
2698
5230
7476
7258
1680
4500
6917
9760
2032
2707
367
6448
2661
8425
4586
9022
9684
6491
2542
2717
2718
2719
5614
6698
7946
5632
2724
2745
2726
7605
2728
8550
154
856
2732
722
2734
2735
9289
2737
7624
1677
7597
8931
9868
3347
4646
6541
2746
4736
2515
2749
5074
2751
8078
9993
7472
2755
2202
2757
9638
6615
9414
291
9535
6865
2764
2765
6627
3601
9136
7206
2678
5115
2772
2773
2774
4572
610
6896
254
218
8566
2781
2782
933
2784
2785
2786
690
4153
5949
2900
7799
7179
5708
2895
2787
3077
5987
6504
2799
3958
2801
2813
8150
3756
3137
6461
148
2808
2809
7849
2488
2812
1958
9117
2815
8069
8301
2818
2353
5219
2821
1401
399
2824
5022
7351
2905
2828
4403
2830
6395
2832
7022
2834
2835
6063
2660
8412
8486
6672
75
2842
2139
2713
3334
3652
2847
5661
2849
5698
5023
2852
9997
2854
2855
2856
2857
4160
2859
8972
4480
9237
2863
324
2865
2866
886
2600
1051
6229
2871
1453
4980
6066
5746
2876
2877
9287
8106
1886
2881
70
7662
6022
2885
5898
9493
2888
2889
3105
2891
2892
4764
2894
5829
2896
936
5276
1512
7426
5436
4555
7751
8465
2827
2906
4208
2908
37
2910
2911
269
8631
9380
2915
9793
2917
2918
6372
2920
6765
2922
4209
3146
2864
2926
2927
3190
4992
5468
5509
2932
2933
2934
5007
2936
3519
1484
5119
2940
2941
4792
8405
4734
201
5720
2947
2948
6256
8031
6080
2026
6863
2954
549
5073
6738
2958
4822
2960
2961
2962
289
2964
2965
2966
8346
1238
475
9736
6112
8374
8850
2974
3285
2976
4239
9680
2979
2980
2981
2982
2983
1941
2985
195
4931
2988
2310
34
2991
2992
2696
2994
2995
2996
2997
4029
6924
3000
3311
4581
6968
564
3005
3006
3007
3008
3009
3010
3011
5116
3839
3014
4172
3016
3017
8729
7916
3020
2265
264
3821
3024
5699
3026
7104
7122
2882
2313
3031
3257
3910
3034
3035
1281
3037
3038
3039
3040
6138
3042
1397
2616
9427
3046
7505
9873
3049
3050
3051
8527
3053
3054
3055
3733
3057
3058
8718
6986
7224
9961
3063
3826
6189
3066
3067
1921
3069
5840
9479
3072
8481
3074
9918
3076
6780
7073
516
4171
5465
3082
142
6072
3085
3086
3087
3088
3089
9910
3081
2094
4058
5057
3095
3318
3097
3098
3099
3100
6364
9462
5634
3104
93
6972
8530
567
7365
3110
3111
1318
3113
3114
7895
3116
8767
3118
3119
3120
5833
3122
8448
250
9855
5415
3127
7038
3129
3130
4007
5965
772
3134
3135
3136
2681
5605
2280
747
2913
9167
8040
3144
3145
6221
8275
3148
3149
3150
9011
5099
3153
2081
136
6353
3157
7402
1472
3160
8963
7165
7687
3164
2945
5354
5938
3168
2061
7148
3171
3172
1905
5499
3175
7305
4391
3938
1896
6389
7922
3182
3989
8333
3742
3186
6628
7602
3189
179
4140
1036
5396
3194
3195
9786
9962
3198
3199
9400
3201
7932
6013
3204
8755
4087
3363
7870
3209
5521
8714
5080
3213
6478
2647
3216
3217
7096
5044
8091
3960
7013
2432
5387
3225
3640
553
3228
9405
7054
3231
4690
3233
3234
7560
5770
4889
3043
7126
3240
3241
7991
2727
3268
8266
2929
3247
4283
5706
305
4155
7812
507
7335
4203
2477
6465
2015
7244
7300
3261
3262
5572
3264
5832
5739
2585
9484
3269
3270
3271
1287
2329
1489
3275
7494
8879
3278
3279
2514
3281
539
4763
3284
2975
3147
3287
3288
1035
8233
6938
3292
3293
7536
3295
3296
3297
4477
3299
3300
3301
1158
8847
1020
8957
3306
2486
6636
3309
44
3395
8985
3313
7844
6419
899
3317
3096
3319
3576
3321
7257
6803
3324
3325
3326
3327
1670
3329
3330
8010
9363
3333
5860
981
5552
3963
9658
6563
3340
2543
9578
3343
3344
2658
737
5901
3348
2296
3350
3351
5780
3353
3354
3355
9111
1095
9659
3359
3360
2708
7513
3207
3364
1880
3366
6633
9953
3403
6255
3371
3372
6123
3374
765
7231
3377
8265
5697
2946
6565
5797
2630
3384
4101
3386
3387
167
3389
3390
3391
8711
5488
3394
8488
3396
9456
6488
5846
4338
3401
2572
5615
3404
6752
2686
3407
3408
7978
3410
1385
8324
1441
3414
3415
3416
1794
1816
5599
3420
3570
766
1142
3424
775
8369
7336
3428
688
3378
6408
9428
8182
3434
3939
7100
9023
3438
6525
3440
5625
3442
3443
3444
3445
5242
7463
8240
5477
3634
3451
5293
4038
4452
3455
3456
5923
3458
7047
8667
624
8786
3463
3464
4584
3466
7948
6306
9706
3470
8125
3472
8215
3474
4032
7026
5121
3780
3479
1686
2672
3473
3483
6562
4408
99
6590
2601
5537
467
3491
8795
5794
281
8903
3496
3497
3498
3499
3500
1717
1585
3503
9481
8347
4525
3507
3508
4643
6486
3511
496
3312
3514
3515
3516
6639
5513
2937
3520
3521
7017
3523
3524
3525
3526
6076
3528
9661
3530
3531
1174
3533
2523
1602
3536
1988
9988
4062
5731
3541
4737
5751
3544
3545
5154
798
9853
3681
5900
3551
3552
3553
3554
3555
3556
2603
3558
7645
3560
3561
3562
2731
3564
3565
3566
1442
9403
8122
9109
3571
2843
5531
826
8167
3320
7057
2284
3579
3580
3581
4014
3388
5766
5576
3586
3587
3588
1124
3590
3591
9489
9290
3594
808
236
3597
8670
2907
3600
6288
3602
8472
1868
9954
7705
3607
3608
5808
8485
3611
6159
2256
9613
5212
8782
9982
1840
2596
5152
3621
3022
3623
7756
290
3626
983
3628
3629
3176
3249
6691
2123
646
3635
1763
9699
3071
3639
7575
5556
3642
9557
9718
4132
5263
8829
9851
4442
6084
9124
2846
404
7726
4185
3532
3657
2527
1493
9765
3661
8531
1312
4321
3665
3315
3667
9140
1725
1177
9480
875
3673
3674
3675
1443
5688
1178
5026
3680
1169
3682
5323
3684
3685
9764
2166
3688
8759
5926
3691
7625
8278
2115
5455
4295
3697
3698
3699
3700
3701
7326
2769
2771
6860
6058
7204
3708
5741
1190
3711
7814
5649
3128
9615
3716
3717
1705
3719
8038
3721
3722
4833
5610
3725
3726
3727
3728
3729
6089
9139
3732
3056
3734
6831
3736
9509
3738
3739
860
3741
2450
3743
8108
253
2075
3747
2295
3749
3750
3751
3752
9343
3754
5451
2670
6253
2321
3759
2431
8016
3762
3912
5427
4884
5964
8516
3768
3967
9281
3771
8239
3773
1727
1369
9804
7564
3712
1475
3478
3781
3782
6075
6148
436
8002
7328
1632
7219
760
9789
8825
9327
3794
3795
3796
8640
6149
3799
8370
6083
3802
3723
8889
7929
9248
347
3808
4256
9338
6573
3812
8289
8794
3815
5040
311
4097
4819
3820
4138
8768
3823
3824
3825
3941
3827
3828
3829
3830
3831
3832
1330
5104
1946
5550
3837
2128
3013
5617
8730
6366
1785
3844
9919
4727
3847
3848
1265
5450
2526
6609
3853
8740
3855
3856
7953
272
8356
3860
9466
3862
3863
3864
1346
3866
421
3868
4856
1436
1354
1546
5944
525
3139
1658
771
3878
898
9158
1137
5726
3883
6381
9164
6509
8814
3888
7422
4519
463
3892
5342
997
3895
9353
42
3898
3899
3900
3901
4098
705
3904
3905
418
2973
3908
6918
3033
4976
3563
9496
5302
3915
3906
9253
2634
6165
6755
7861
8067
1211
7239
1197
3926
8632
2342
3929
7405
924
5272
9513
3934
82
2038
8205
1004
3435
2690
8081
7198
3517
528
3945
986
3947
5934
3949
2984
8887
6704
3953
9798
3955
3546
1501
7906
7469
9326
1153
4255
3337
2273
3965
1368
145
3968
12
3970
8304
3972
3973
8920
3975
8416
713
3978
3979
369
3981
9667
5185
3956
9457
7349
852
2140
3183
7961
6261
3992
459
3994
3995
2045
2192
5881
7147
4000
4001
2410
823
5887
9904
487
6654
4008
4009
5630
4011
2070
9150
7591
4015
4016
4017
2358
9015
8564
4021
1080
6128
4024
9157
5915
4902
9558
5542
4030
9355
3522
4033
7790
4035
4036
4037
8281
6051
944
6644
5758
4043
8832
7119
4046
9321
4048
1113
3173
4938
7325
4365
2338
1102
4056
9744
3093
3345
4060
6808
3539
2155
4064
4065
568
4067
4068
4200
3731
260
9286
1370
4074
2368
4076
4077
2360
84
7969
3349
4082
4668
4084
6696
4779
2508
7884
2184
6279
3572
6227
466
4808
2205
7955
1040
3272
4099
7203
5894
7712
4103
2562
4105
4667
1667
6889
1940
7124
3891
1225
4113
4114
9272
9935
6441
8441
4119
1241
4121
4706
4123
302
4125
309
4127
2305
4129
4130
4131
8862
5408
518
2211
7075
2090
7086
4139
1007
4141
1037
8577
3191
7218
7010
2810
1557
2025
9572
6539
6201
2788
5279
3251
7065
4157
4158
477
91
4161
2546
3064
4164
2989
4166
6185
3985
1202
4170
150
3015
6242
4174
8072
102
4177
4178
7830
1873
3166
4182
2739
5388
872
8141
7828
4188
8253
4190
5016
8724
874
4194
581
7587
9553
4198
8496
7370
4201
8476
9941
4204
8197
4206
1638
4128
1929
6640
4211
4212
2740
4214
6744
4984
3662
5420
8030
4220
4221
4222
4940
3061
809
4226
4227
4228
8901
4230
2188
4232
4233
7728
5626
4236
4649
4238
350
9688
3375
4986
4243
1207
4245
3467
3927
6210
3432
4250
4134
4252
8414
1451
5167
9890
4257
4258
4259
7003
137
9005
8450
4264
7431
6157
4267
6679
4269
8600
4271
4272
4235
4274
3427
4276
5536
2396
4279
4280
9409
4282
6079
7925
4285
5745
6943
4288
7558
1524
4291
4292
8084
4294
3696
4296
5183
111
4299
4300
7893
3692
9902
4304
4305
6265
4307
5187
4309
4310
1908
7395
443
4314
9001
4316
4651
4318
4319
4320
6171
4322
4323
4767
4325
2406
8601
6732
4329
4330
4331
4332
7171
4334
4335
4336
4337
3156
9800
4995
4341
4342
799
4344
9595
1761
9131
4726
4349
1541
4351
8449
2916
4354
6004
4574
4357
2443
698
4360
4361
4362
107
4364
951
2357
9984
4368
322
7554
4371
4372
6496
69
4375
9176
5245
4378
4379
4380
3238
4382
8050
4384
4385
4386
4387
8677
4389
7045
3177
4392
4393
4394
2394
1488
4606
7314
3996
4400
4401
7630
2068
6140
8021
4406
5763
6503
4409
7525
4411
6111
4413
9210
4415
4664
1586
4418
2144
4420
4421
4422
4423
4424
5680
4426
6729
5373
7527
3538
4431
7266
2148
4434
6709
4436
9051
6516
1849
2085
4441
7386
4443
7403
4445
4446
4447
9491
4449
1998
4451
1893
4453
4454
4455
5244
6792
7708
4459
276
8580
4462
4463
14
8262
7366
4467
8210
5809
5516
4471
4472
9442
3690
1348
4142
3298
4478
4479
6560
4481
1654
3730
4722
3924
4662
8864
4488
4489
4490
4491
6927
9146
409
1024
2990
8484
7420
4499
8882
4501
1013
4503
4504
4425
4506
3080
4508
731
1454
3933
4512
4513
5709
8418
4516
6375
3259
4116
4520
5476
4522
6876
2817
3506
4526
4527
4124
8185
7640
4531
4532
1528
193
2263
435
4537
8628
4539
5227
3720
4542
6805
6262
451
4546
4547
8361
4549
4550
4551
2531
4553
4554
3833
5256
6315
7964
2822
6700
2271
8509
4563
4564
4565
4566
4567
3583
6190
4570
4571
5855
4573
5169
4575
9636
4577
455
2951
4580
3002
2331
1951
5806
8697
8020
7455
4588
4589
4590
4251
7806
4593
8812
7371
3210
5624
4507
2242
4600
4601
7450
8557
4604
7217
3509
7857
4109
4609
6796
3336
67
9528
4614
4438
9905
4617
4618
4619
4620
3151
4622
4623
7681
8086
4626
3548
4628
3138
4630
4631
6440
4633
4634
4635
5777
8070
1513
4639
9009
5284
5362
8342
5788
8544
2744
4647
4648
6772
4650
1294
4102
9990
4654
3305
4656
4657
7867
139
9878
7289
7072
6666
769
3286
794
3573
4083
8690
8394
5250
566
7151
5595
6745
8609
1636
6952
4679
4680
4530
4682
4683
3838
4685
4686
6202
4688
6411
6749
4691
4692
1635
4694
4695
6129
4697
4698
5703
6901
4183
9222
6323
4010
5398
1771
828
4708
4709
4710
4027
7975
4713
4714
4715
5285
559
4346
4719
1132
4721
6298
5382
4724
5364
8074
5461
4728
6969
2841
6297
2703
4652
2944
3766
1017
3542
1127
7144
4069
4741
5729
4743
4744
4270
7497
4747
3512
4749
4945
6247
9342
4753
6942
4755
4756
4757
7158
605
3744
1273
2467
9882
2893
2174
5157
4324
4768
8377
4770
49
4772
4773
4774
1083
3748
5790
4778
5765
4780
3439
1650
4783
6300
9601
8286
4787
4788
4789
5208
5155
6652
4793
6302
4006
4796
4797
4798
1344
4800
3475
5782
4803
4730
8227
7776
2683
4094
4528
4810
8152
4812
8549
6887
4815
4816
2010
4818
1720
4820
2671
2959
4823
9312
4825
8166
3704
4828
6902
4830
9565
4832
9273
1884
5064
4836
4837
8482
9214
4615
5054
9080
4843
4844
6407
4846
7937
4848
9561
2234
4851
8452
4853
4854
1569
2530
3170
4858
4859
6397
4861
1411
9245
3870
4865
6318
9727
4868
4869
4870
4003
4872
8787
8095
4875
4876
4877
4878
3998
4603
4881
1393
4883
7489
4885
6263
5935
4888
3237
1787
4891
4892
4893
3819
7986
9911
4897
4898
1229
4611
6098
2017
4903
8635
3044
6134
4907
4908
9378
4910
4627
4912
4913
4914
4915
6839
8351
4918
4919
1392
4921
4922
1990
4669
3605
2299
4927
130
8445
3843
2112
4932
5907
4934
4935
4936
4937
4051
4939
4223
4941
4942
4353
3921
4750
8314
297
4948
7150
4950
4951
8684
5486
4954
114
4956
4957
4958
7429
9980
9204
4962
5562
2557
4965
4261
2840
1691
4969
9892
5978
4972
4973
9012
3341
8505
8337
1869
4979
956
4981
226
1458
1061
4985
3484
8454
724
7133
4704
2304
4663
3613
5327
4535
4996
1283
4079
4999
8039
5001
5002
9647
5004
5005
7561
5946
376
5009
9745
1530
9569
8174
3761
8236
7380
8746
1326
6862
5020
998
2622
9889
5024
1407
6310
7791
3755
7208
1301
5031
1322
5033
2064
5035
7641
5037
5038
3078
7292
5041
3942
5043
8155
5045
5046
5047
8754
9863
9159
5444
8029
6086
4104
5055
1123
9335
6595
6593
5060
9347
8334
8984
4835
6108
8669
522
5068
5069
7917
9767
5072
5594
2750
5126
9225
5077
5078
5079
8629
5081
5082
5374
5084
5085
8368
5087
5088
8409
5090
5091
5092
5093
1257
8212
2449
5097
5027
3152
5100
2411
865
5103
6332
5105
8575
5892
6685
5109
5784
5111
1803
5113
5114
4405
7358
4293
8103
2939
741
611
5122
9936
8036
7772
2060
5127
125
2752
5130
121
6458
5133
5134
9903
5136
5137
5138
6031
2861
5141
5662
9950
5144
4290
2967
1647
6930
8713
5150
5151
7707
5813
6826
8676
9271
8559
800
8853
5160
6501
5162
9728
4725
8469
7720
8758
2416
6624
6974
714
5172
5173
8823
3229
3846
8766
5178
5179
9554
1338
5182
4297
6976
3936
1818
7694
6037
2204
5190
5191
8659
9090
288
5195
5196
7253
5198
5199
189
5201
5147
6045
5204
5205
3753
4312
1090
2902
3123
5211
2789
2243
5214
8636
5216
5217
5218
3702
5220
1353
5340
3090
5224
5225
6545
5868
3513
9077
7507
1920
1171
5233
5234
6774
5236
5237
5238
6000
2104
1757
4237
5243
7934
9875
4197
5247
5248
5249
1565
5251
5252
2364
499
5500
638
5257
5258
1749
5260
5261
5028
3405
5659
5265
5266
5267
5268
1099
5270
5271
3932
5273
5274
5275
2898
9173
5278
4154
5280
5281
2560
5283
4641
4493
7142
5933
841
5289
5566
4677
5292
9974
5294
6418
5296
5297
5298
5607
4111
5639
4718
5303
4213
441
5306
5336
2806
373
3746
2656
5312
9133
5013
9227
5316
5317
5318
7077
5320
4579
3615
6352
4661
5325
4990
5693
9134
3159
5330
5331
5332
5333
5334
5335
5307
5337
6443
4433
6513
1726
8225
7907
1910
5345
1088
5579
5348
9366
5347
9377
5352
8223
4181
5355
1721
5357
5358
5359
7036
3976
3694
1503
796
583
7698
9787
4367
7668
5370
5371
5372
6914
4509
6137
5376
3625
5378
5379
7663
4369
9753
5383
844
7571
9593
8177
4184
5389
78
32
1182
3877
6338
5395
9779
5397
4705
7432
3923
5401
2993
5403
5404
734
5406
5407
4133
2151
5410
9094
5412
5413
1824
8868
5416
1866
5418
1134
9704
5421
293
6264
3423
5425
5426
3764
5428
5429
2419
5431
6543
2803
5434
5435
8651
410
1812
5439
3850
8113
6225
5443
5170
5445
5446
5447
5448
5449
172
8792
821
1604
9702
3695
5456
356
5458
5402
3501
5743
5462
6026
3462
3091
328
9642
4879
4390
8392
5471
5472
5473
3489
5475
6882
9532
5478
5479
5480
5481
5482
5483
5496
2407
7473
7520
3393
5489
1991
5491
2870
785
5494
6466
8034
1431
5498
8157
6564
1526
5502
5503
806
5505
5506
5507
5508
7553
9665
5511
5512
3518
5514
5515
580
1952
5518
1637
6775
3950
5209
5523
9032
3658
5526
5527
8270
4186
6232
4156
1628
9372
9617
5532
4277
5474
8877
9579
5540
5541
7770
5543
6655
8477
7919
5547
2826
9857
6088
6919
4900
5553
2315
9778
3641
5557
8576
245
5866
9946
4963
9900
5564
2494
5290
5567
5568
8504
5570
1209
2147
5573
5574
6497
3585
5577
5578
8925
5229
7309
8707
5583
5584
3647
5586
9866
5588
5589
5590
5591
5592
1108
4890
8321
5596
5597
5736
4352
6092
5601
6402
414
6152
8296
5606
5299
5608
5609
3724
5319
5612
5613
4784
2229
5616
5164
5618
4970
143
8192
5622
5740
4597
8883
4273
5627
5628
7837
5326
1716
2723
3612
1188
5132
5636
2919
5638
5301
5640
5641
5642
2302
5644
2665
2909
5647
5648
3713
2582
5651
7337
5653
2150
5655
256
2116
5999
8090
5660
6346
3133
5663
5664
5665
7424
5667
4120
5669
5670
5363
5672
7741
6178
7551
5676
9300
5678
7221
4505
5838
5682
9885
5684
4629
5686
5687
3677
8938
5807
4475
5692
928
9242
9464
5696
3379
5304
2190
8732
5701
7334
1106
1508
203
5339
5707
343
6213
5710
5006
5712
6620
6136
1661
5716
5717
7247
680
6358
5721
1949
101
3331
9473
6
5727
8606
7255
5730
5850
5997
9423
5734
5735
5598
5737
9653
5753
7264
3709
5742
5176
5744
8444
449
5905
7759
5749
5750
8764
8715
3266
2629
5755
7230
5757
4397
5759
5760
8614
4857
1459
5657
9325
5490
5767
8373
9163
3236
6056
5772
3549
5936
1901
6574
3715
5778
2029
3352
5781
5213
5783
1406
5785
5786
5787
4806
9129
4777
490
5792
6239
6077
5795
5796
3382
7441
9792
5800
5801
5802
5803
558
5805
8027
8701
5221
4469
5810
8508
5812
5153
946
151
3117
6701
810
5819
6198
5821
1331
6192
5824
5825
5826
7623
7958
2319
2182
5831
1890
2260
5834
5835
1978
2412
1525
6464
964
5841
5842
5843
217
7874
3399
5847
4498
354
4484
7820
6244
5853
7566
1374
423
5857
3274
7376
614
5861
5862
5863
5149
1011
5560
5867
8689
5869
6592
4672
5872
5873
5874
8980
5876
9472
5548
6777
3788
6557
8011
8217
5884
5885
1591
1053
4497
4231
5890
1534
5107
5893
6362
6345
9570
5897
4302
7016
4944
3232
5902
8252
394
8381
3620
9928
9600
5909
6360
5911
7176
5913
9627
7008
6193
349
7939
5919
5920
2513
2439
3457
5924
7139
6166
7758
5928
5929
3258
9518
1916
7278
3948
4887
2323
5937
1981
7911
5940
5941
5942
5629
3807
9697
2935
5947
5948
6880
989
4578
7039
6608
1885
235
5956
1498
2691
5959
5960
2086
5962
5963
6549
671
5966
5967
5700
458
546
5971
7459
4345
884
4262
6271
5977
1685
4022
406
5981
7739
6843
1422
6481
5986
2797
5988
5989
703
5991
9588
8307
5994
7388
5996
7048
4845
6050
3092
6001
6002
6003
4355
6005
2456
5582
8058
3141
6010
8466
6012
3203
7004
6015
1843
6017
6018
1527
6020
3504
2884
1945
6024
6025
9625
8539
6028
6029
5504
5139
6032
6033
6034
2212
6036
4824
6038
6039
5871
877
7878
9195
6848
4738
6046
427
6371
5774
9602
6388
6052
6053
4217
6055
7495
5400
5820
444
7588
7293
6062
2836
6064
6065
6099
6067
6068
6069
4196
2512
8294
6073
6074
9420
3527
5771
6078
8336
4399
1275
6923
7905
3650
6999
2987
3835
9523
2820
9630
8271
5600
6714
8404
8489
6096
6097
2207
1242
6100
4326
9524
6155
3593
6394
6106
9944
5065
2058
8826
4412
2440
3453
6114
3977
8780
8888
9265
3426
6120
9471
7678
3373
923
431
4983
6127
8717
4733
6130
5889
1994
6133
1120
6135
1167
5375
3041
8981
5019
8006
973
6143
1438
6145
8524
6344
6451
897
9537
6151
2129
6153
391
8935
6156
6713
1250
8907
6160
8242
6162
6163
9232
1851
8968
6167
7779
2733
6170
1830
6550
6173
1595
6175
1571
6177
6602
6836
1098
6181
8498
6183
5637
2978
2637
6187
6188
7952
7613
5754
2777
6650
5464
7189
6196
3452
2262
131
6200
8462
5848
1362
2253
6205
6206
6207
8654
1205
4248
7660
6212
7320
6214
6215
9184
6217
6218
4173
1744
1427
6222
6223
4485
6957
6226
7771
6228
6110
2648
9983
5522
911
6234
6235
6236
4417
6238
5793
7291
6241
1492
706
5852
6245
3402
117
6248
6249
6250
6251
6252
689
2376
8619
5351
6835
8248
6259
6260
3991
1324
9917
171
3032
6266
2405
6268
4039
9668
5976
6272
6273
6274
6275
957
7157
6278
4247
712
8012
6282
6283
6284
5399
6489
9474
3227
4044
6290
2675
3783
5631
2098
7249
6296
4731
6833
6299
8948
7989
9896
735
9180
6305
3468
6307
6308
1542
9604
7030
6312
6313
6314
4557
6316
6317
6343
6319
8089
6321
1361
8168
6324
4306
8005
4416
6720
6329
6330
3322
8593
1788
1068
6335
6336
6337
5394
7627
6340
6341
1145
4205
547
5895
850
5346
4930
6961
7886
6351
6141
8924
6354
6355
6695
6357
3380
6359
5910
6361
3385
5253
9406
2838
3842
6367
6368
718
1699
5083
1079
4687
6090
6387
257
3124
6378
1735
6168
3884
9127
6383
8353
9530
6386
895
4742
5650
9319
6391
8100
4543
8467
2831
1968
4860
314
7931
31
9814
242
6403
6404
6405
6406
9845
3431
6409
1155
4689
6412
6413
6414
6415
6416
6417
5295
1233
6420
8603
6422
6423
6424
6425
6426
6427
6428
5051
8944
6431
3890
3804
6434
6435
1911
9634
4568
6439
6626
6793
4005
2558
2120
6445
6446
4696
2709
8940
6450
8245
8515
41
6454
7211
2241
6457
3925
4947
8228
4632
7697
6463
8458
7435
1272
6467
6468
9861
6470
5921
9316
6473
7894
6475
9301
6477
751
1608
6480
5186
6482
335
8493
3406
5922
7277
840
6286
6490
2366
6492
1292
4328
6495
2858
5575
6498
6499
6500
8348
2556
1606
1584
6505
6506
6507
4176
3886
6510
7982
1729
4265
6514
6515
4840
999
3651
1672
7782
6197
6522
3909
4613
1358
6526
6527
1673
6529
5042
6531
4717
8468
6534
6535
6536
8446
6538
4151
6540
2725
4175
5912
6544
5817
6546
3316
6548
1047
6172
6551
6552
2293
1377
914
6556
5437
6558
6559
8169
1347
9734
3339
2078
6289
2132
6567
6782
1185
4582
2793
7826
3811
3876
6575
6576
6577
6578
6579
7545
6581
6144
7753
6584
888
6989
9283
7112
6589
3487
6591
5883
5059
1293
5058
8526
6597
9674
1256
6600
345
2699
1350
7439
8490
9026
6607
6027
2729
6610
5722
6612
6613
6614
5899
6158
3988
5066
6619
2048
6621
9967
6623
2278
7701
3599
304
3187
6629
3510
8804
6632
7585
6634
1902
3308
7361
8869
3943
9619
6219
1760
9719
4041
6645
6646
6647
6648
6649
7927
6651
2942
8117
3131
7788
6656
5102
6658
6659
6660
1733
8975
9084
3984
6665
552
6667
9284
6669
3672
6671
1976
6035
5673
1982
6676
8268
6678
5467
6680
9979
557
6683
9806
162
4136
6687
6688
8908
2938
3632
9645
7369
5385
2604
5939
6697
642
3663
4560
3957
6208
5308
715
9583
6706
6925
6708
4435
95
9439
6712
1959
9649
48
6716
6717
7822
1028
3631
6721
6722
6723
6724
3609
7748
6727
6728
4427
1304
6731
7098
6733
6734
8443
6736
6737
6762
8535
7998
6741
6742
6743
8137
4675
6746
587
6748
5012
6750
5135
482
6753
9951
3920
6756
6757
9103
6759
6760
1307
9920
2473
2272
2921
7962
6767
1664
7345
2052
7275
6334
3567
9675
4895
6776
2756
6778
6779
1381
6781
2478
3094
3460
6785
2209
8916
532
2402
8479
595
4457
9521
3448
6795
9294
6797
8511
6799
6800
7735
6802
3368
6804
2040
6806
6807
4061
2306
2714
7091
6812
6813
6191
6815
6816
6817
5120
6819
1888
6821
5423
9349
4388
6825
704
8802
6828
8662
9670
9096
6832
6113
9533
8390
2164
7699
6838
4916
7549
6841
9924
6030
7892
9916
6846
7044
6044
6849
1074
460
6852
6853
2783
6855
6856
9393
6858
2743
3705
2011
1777
726
6864
3480
6866
6867
8536
6869
6870
6871
7229
6873
2352
3421
1208
1915
7288
6879
7114
6254
339
3197
6884
8184
980
5309
6888
4108
1333
6891
7070
3273
6894
152
7827
6668
9777
6899
2074
5241
6949
9020
6904
2662
6906
6907
6908
6909
900
2442
6912
1009
551
7483
6916
2704
5231
8675
6920
6471
6922
6082
2393
3990
9695
4492
3263
6929
5148
3627
6932
6933
7557
6935
4548
1414
3291
7845
6940
2124
7194
4287
6944
1131
6946
6947
6948
6641
6950
433
9359
5192
6954
1357
6956
5438
6599
4242
6960
5524
4807
3101
4541
6965
6966
6967
2472
4729
6970
4873
1819
5311
6429
6975
6322
6977
5143
6979
6980
9413
6982
329
6984
8191
3060
6987
6988
7178
1008
6991
6992
6993
1934
6995
8261
9586
6998
8644
7000
7001
7002
8475
6014
7005
7006
372
5789
7009
4146
7011
7012
3107
1662
7015
4253
6809
2816
7019
5679
7021
2283
7023
8996
6209
3476
4028
5534
7029
6311
5878
1100
7154
7034
1621
8728
3332
5228
5952
1804
7041
7042
7043
1183
2136
7046
3459
9149
9930
2957
7051
6150
991
541
7055
7056
3577
7058
654
4817
7061
7062
7145
8176
7606
7066
8709
7068
7069
6892
7071
2250
6380
3993
3845
7076
2628
783
5460
7080
7081
1839
7083
7084
7085
8186
7087
7088
7089
1237
6811
9107
7342
7094
484
7643
7097
3575
7099
9402
7101
9445
1897
4673
7105
434
7107
7108
7109
416
3304
2130
6840
1975
7115
7116
7117
9732
4045
7120
7121
3028
6116
4110
7125
5603
7127
7128
9360
7130
7131
7902
1597
9275
3765
7136
7137
7138
5925
7364
7141
7280
3163
9655
2676
7821
3999
1779
1882
2006
2626
7152
5880
5827
8345
7156
1038
4758
7159
8588
7161
1300
7163
7164
3162
7166
4078
7168
7169
8978
4333
1531
5551
7174
336
8160
7177
2538
2792
7180
5390
7182
9187
7184
9922
7950
3894
8329
508
7834
7191
7192
9463
9042
7195
7196
7197
8241
8973
5052
7201
1044
9069
4050
7205
3222
7207
6885
3568
1708
5166
3062
7213
1784
8147
7216
4605
4145
3789
7220
7020
514
7223
2584
7225
7226
7227
7228
2063
5756
4080
780
7233
1517
7235
7236
7237
1457
9543
7240
7241
1931
5349
2067
9626
9308
5197
6814
7389
7250
1970
7252
5718
7254
2519
7689
7160
1072
7259
7260
312
7262
7263
5623
7265
4432
9781
7268
7269
7270
7271
8437
3669
7274
6771
9370
6487
556
7279
5286
7667
7282
7283
7284
7285
54
7287
1448
6818
7290
8132
6874
1562
9025
7295
7296
7297
4373
7299
3283
2655
7302
7303
7304
3027
2529
5674
9710
2455
7310
7311
3659
2695
5530
1783
7316
3902
4874
7319
4514
7321
7322
8810
7324
4216
931
7327
4909
7329
7823
7331
7332
8731
584
9738
2186
5652
7865
1847
8231
2082
555
7343
7344
1291
9639
7347
7348
3986
9299
5896
7352
7090
1987
7448
126
7357
9705
7359
7360
8819
7362
277
7140
8121
5405
7367
2168
1579
5732
182
7372
7373
6851
9264
8551
8830
7378
7379
7484
7846
7382
825
7384
7385
3649
7387
5089
6739
7390
7391
1195
7629
3793
9733
206
7397
2779
7399
7400
7401
3158
3302
7404
6583
7436
7966
5828
8798
7410
7411
7412
7413
608
7415
1012
2645
6572
6630
6373
7421
4107
9539
5666
7425
7671
4975
7428
9411
4723
8312
6285
7824
2062
3265
4596
7437
8247
6604
2741
1504
7442
9678
7444
7445
7446
1496
7355
7449
4886
7451
7452
7453
7454
4587
7456
7457
3358
7985
7460
9389
9461
3447
7464
7465
7466
7467
7468
8387
492
7471
2754
4953
7474
7475
2700
476
7478
4920
7480
4894
1846
6915
4191
2341
7486
7487
9165
9243
8397
573
7492
6049
3276
5466
7496
4746
1646
7499
7500
7501
7502
7503
3757
3875
8076
1147
7508
3774
7510
7511
9019
2738
9189
4666
7516
7517
7518
7519
5030
7521
4025
1351
7524
8386
7526
4429
7528
9384
7530
8905
8960
5779
4766
7535
2667
617
7538
3540
7540
5008
7542
7543
1622
6580
7546
7547
1041
7113
1592
5350
9914
2931
1977
244
4218
692
2218
4482
1657
2814
7674
9340
228
1019
4356
1042
7568
1425
7604
8520
86
7573
1918
2533
7576
7577
4523
7579
7580
7581
1355
8093
4638
7704
7586
8995
296
6553
4991
571
6537
8537
7594
8269
7596
5979
7598
2389
2711
9909
9803
7603
7841
9203
2399
4135
7608
7609
7610
7631
1057
9233
2224
7615
2223
9364
7414
934
7620
176
7622
2480
4246
7123
9206
6348
9551
5194
4402
7611
3477
7831
7634
7635
1545
7637
7638
7639
4681
4106
7642
4847
2435
6103
5635
3670
8421
8032
6292
1404
7652
1480
7654
9605
3223
8568
8429
7659
3126
7661
639
252
9468
385
7666
11
5369
7669
7670
4347
9538
248
9041
3047
9696
8328
2722
7679
7680
1643
7215
7683
932
7685
9858
8330
7688
7256
6617
7691
2359
7693
9235
85
7696
6462
4483
2459
7700
6625
2157
4468
4152
3606
7706
6320
1314
7709
341
7711
5226
7713
3785
8986
9141
7717
7718
7719
6707
7721
6176
9330
5076
5168
8867
6719
8322
7729
7286
4829
7732
7733
7734
7398
7736
570
7738
969
8173
1741
7742
1341
7744
7607
3154
7747
6057
7749
7750
2903
7752
9972
7754
7755
8930
7757
1561
173
5215
1172
214
9467
7764
7765
1117
7767
961
7769
4229
4960
5529
109
7774
7775
5533
9036
362
6631
9555
1146
6520
7783
497
7785
7786
2083
2327
411
4034
2614
7792
7793
7794
8007
7796
4081
7014
7990
3962
7801
7802
9547
8828
7805
4592
7807
9436
7809
2208
9616
3219
7813
192
7815
7816
7817
7818
5904
227
8562
6718
8743
3778
9628
536
4576
4187
8837
4179
7633
7832
1572
1850
4348
7836
2872
8048
8783
7840
7570
4711
7843
763
2790
7381
7847
7848
4147
7850
7851
7852
7853
7854
7855
7856
4607
7858
953
1944
5414
8653
7863
7864
5492
2710
4658
2019
6385
3208
7871
7872
7873
5845
7875
7876
9940
1465
7879
2608
4193
8209
7883
8045
7885
6350
7887
7888
7889
7890
4189
9196
6094
6474
3115
746
7897
700
7899
4511
7956
3370
7903
5440
1253
7149
7193
7908
1340
7910
4085
7539
7913
2677
7915
3019
5070
8597
7833
7920
7921
3867
7923
1723
4284
9818
5916
7928
2330
7676
4670
6786
7933
3964
7935
7936
2568
7938
5918
7940
8273
9261
2968
7944
7945
6104
7947
4115
2177
122
7951
6900
3857
5025
4982
3181
7957
1279
7959
7960
2874
6953
1762
4558
3083
7407
7967
7968
27
7970
2759
9434
7973
7974
5463
5747
7977
3409
7979
8778
7981
6511
3767
186
921
7059
501
9716
6586
7523
8852
7992
7993
1529
5815
7996
7997
6291
7999
9258
1000
502
8003
8004
2970
6690
7795
8008
8009
5324
5823
5125
153
8014
8015
5014
8685
8018
663
1942
3810
8022
8023
8024
8025
8026
7896
8028
5671
4219
9621
7534
5146
9231
8035
1737
8037
6829
6118
9075
8041
2928
8043
8044
4088
3805
3112
6107
6945
3280
8051
6524
8053
851
8055
8056
1815
8736
8059
8604
8061
116
2227
1736
8455
8355
3188
4720
1500
4637
8071
2747
8073
7835
5328
316
8077
4867
8079
8080
3178
8082
8083
9229
7512
6237
8087
6616
8359
1456
3220
8092
2325
8094
7318
8096
8097
8098
8591
6392
8101
8102
5118
8104
6845
2879
8107
6761
9795
8110
1031
8112
4701
8114
9314
7406
836
8118
8119
5277
9199
384
8350
8124
3471
8126
4917
5291
9494
3490
6618
6240
8133
6070
386
8136
5993
7103
8139
8666
5391
8142
8143
6484
8145
8146
5341
8148
9790
2160
3646
4811
5206
4092
1615
8156
3174
8158
9430
5432
1642
46
3655
8866
9832
7582
1671
5544
1375
8170
9893
8172
1570
8384
9374
2375
3224
8178
8179
8216
8181
3433
3482
6433
4529
4199
8187
8188
1101
8190
1603
1838
1180
6199
8195
8196
6611
8198
7995
8200
351
3193
8203
8204
4850
8206
7987
8208
7882
7703
5071
5095
8213
8214
4126
8180
5870
2354
8219
5728
8221
8222
2930
9582
3786
8226
9050
4168
8229
8230
9236
8232
1039
3798
8523
2998
787
2923
1063
4359
7716
6161
96
8244
8952
8246
9931
1398
8249
7715
8251
5903
7060
3645
8255
8256
4712
8258
8259
7294
3683
4465
8263
4655
4040
3245
8726
6677
7595
5528
6091
8272
2925
1659
6377
8276
8277
3693
1415
8280
521
4502
3775
8284
9254
5050
8287
8288
1930
8299
4707
8292
8293
5417
8295
5776
8297
8298
8803
6931
8750
8302
2361
3205
8305
8306
8310
5165
2715
5538
8311
7731
8313
4946
8315
8316
4880
8318
3290
8320
4674
4234
9952
6102
7035
8326
8327
5555
7188
5854
880
1391
3184
5062
5360
3248
76
8338
8339
7943
6973
9381
8343
3604
6533
8881
3505
5161
9244
3779
7032
8352
3392
8354
1214
3859
8357
7063
8969
8360
5048
8362
2217
8364
8365
1533
8696
4761
4286
4700
265
8372
5768
8238
8375
8376
4769
6913
9160
8380
7976
8382
6258
2008
8625
4410
4621
8388
8389
6257
8391
1656
8393
6934
1189
8396
7490
9742
273
6204
8401
8402
8403
7555
2943
8406
8407
8408
1319
8410
8411
9956
8413
1105
87
5361
607
8283
8419
8433
7648
8422
8423
1796
7600
2270
8427
8428
7658
2125
8431
4863
2466
8434
9166
2328
1239
8438
8439
2590
6432
8442
6735
5694
4929
3180
8447
2452
3419
9228
8512
3346
8453
4987
9469
2381
3454
5839
8459
8460
8461
8816
3918
8464
2904
6011
6105
9872
6951
8470
7808
8836
8473
8474
6854
4202
8201
8478
7675
8480
3073
4765
8483
5888
3610
2839
8487
5983
8300
1863
1227
8042
3689
8494
8378
5689
301
6182
8243
8500
9317
1652
8503
5569
9762
8506
8507
4137
5587
8510
6798
3849
2267
2307
6452
4952
8517
7965
2332
1607
8521
8522
9151
6146
8525
9671
3052
8528
8529
3840
1204
8532
2761
2413
4524
779
7593
7129
2210
8540
8541
8542
8543
6699
8545
8546
3314
1223
8257
5702
5859
8552
1989
8554
6784
8556
6877
8558
9070
4281
1925
9862
8563
4289
5067
9525
8567
6008
7363
3710
8571
166
8573
8574
9908
5558
4143
8578
8749
9309
8581
8582
4494
9262
8585
8586
8587
6331
8589
8590
7514
8592
1067
3809
8595
8596
2612
8598
8599
1248
4327
8602
6421
8060
8605
8220
355
7599
231
8610
1173
8612
9772
6642
6569
1302
6379
8618
1913
7251
7803
8622
1383
9985
2041
7616
8627
4538
6280
8974
9483
4090
8633
8634
8742
4358
2367
7877
8639
3797
8641
2386
5844
7559
8645
8646
8647
8648
135
8650
4254
590
7862
6702
8655
8656
8657
5338
202
8660
1213
325
8663
8664
8665
9088
8789
9256
8131
3598
8671
3252
6356
5255
2588
4791
717
8678
8679
4901
8681
8682
8683
7983
8017
8686
9829
8688
4540
3206
8691
1689
8693
8694
8695
2312
4315
8900
8699
8700
6959
3109
4964
5961
9433
8706
6007
815
1696
504
5998
8712
6878
6047
1258
8716
4023
3495
781
2592
8501
8722
1034
1159
8725
2159
8727
1310
1556
2742
4466
7354
8733
8734
7067
6400
8737
8738
8739
3854
8741
1025
7330
8385
8745
5017
8747
5454
8099
7477
7175
8752
8753
770
3971
8756
8856
2049
8319
8760
8761
8762
8763
4838
8765
5177
5816
778
8769
9367
744
2576
1895
8774
8775
8776
8777
7980
8779
413
8781
4801
7839
8784
4195
6194
6971
8788
9556
8790
8791
181
8793
194
6287
8519
5411
7409
9082
8800
5175
168
9465
5039
8805
8806
8807
3356
675
2845
8811
9502
8813
7740
8815
960
8817
5545
6637
2109
8821
8822
554
2883
3792
5581
8827
2380
5995
5501
8623
1243
8833
7479
13
6810
7829
1875
8839
8840
8841
8842
361
8844
8845
9891
368
8848
8849
7079
5240
5973
5159
8854
8855
9566
8857
1320
8859
905
2355
239
4404
6121
8865
4644
6186
5561
2506
8870
8871
8872
7714
8917
9709
8876
2807
8878
9948
8880
8033
1114
3441
8884
1992
1191
1192
2379
5645
1497
1612
8892
8893
8127
8895
8896
4086
8898
8607
8698
1550
2138
438
8904
7531
3244
6554
6689
8909
7636
8911
8912
8237
8914
8915
1066
7644
1236
8919
3974
8921
8922
8923
9053
9192
8926
9455
5108
8929
9276
2638
5377
8933
3922
4967
8936
1502
3023
7153
6449
8941
8942
8943
974
8945
8946
8947
8932
8949
8950
8951
6382
8953
8954
978
8956
523
8958
9598
7532
8961
8962
9344
2437
8965
4871
6021
9794
9177
8970
8971
2860
2692
3896
6662
6071
8977
9589
8979
9927
9418
8982
9562
9453
7190
8250
8987
8988
8989
1382
8991
8992
8993
8994
8134
1551
8997
2471
8999
4144
74
9002
9003
7167
1666
9006
9594
9008
4640
9010
4180
2611
9013
393
4790
9016
9017
1808
180
6903
9021
9854
5106
854
8260
9725
9027
9486
9029
9030
9031
3803
9033
9034
2516
7777
9037
9038
9039
940
7562
8680
870
2076
3644
9046
9047
7238
9049
4805
7433
9052
8687
3589
5353
9056
9057
9058
9059
2422
9061
3769
9063
881
9065
9066
9067
9068
249
7649
9071
9072
9073
4249
2555
1449
6469
9078
3461
4842
9081
7971
9083
1543
9085
3328
1881
2258
2501
8116
4594
468
9093
8797
9095
8140
9097
9098
9099
4864
9101
837
3851
9104
9105
9106
7092
3161
3813
9110
8808
9043
9113
3630
9115
9116
756
6939
4676
3703
9121
4398
5021
6518
9514
5313
2802
9128
4026
9130
1813
9132
3913
1802
9135
2551
9137
7033
965
7617
3235
9142
6093
5945
9563
1769
9147
9148
4740
5836
8235
6437
9153
9412
9155
9156
3289
5646
3584
6521
8451
9162
2333
1702
2569
8435
5419
9168
3036
9170
2084
9172
3211
9174
8290
4376
9747
9178
2578
6304
1630
9182
811
6216
1505
9186
4018
9188
1610
9190
9898
8771
9193
9194
6043
3125
9197
9198
8553
1129
9201
9202
7628
3776
9205
7626
6861
9208
9964
4414
1001
817
9213
8013
9215
9216
2225
9218
9219
9220
9221
8615
9223
8885
7724
768
5315
4263
6122
1753
2868
6164
9644
9234
9838
7340
2862
9238
9239
9240
9241
4882
1122
5210
205
9246
9247
3806
3243
9250
5658
9252
3140
8285
9255
8668
8594
4866
9259
9260
7942
8584
9263
7375
9407
1687
9267
6603
9269
9270
5156
5954
6349
4063
2507
8279
9429
9278
9609
9280
3770
5094
2971
6447
9906
1619
9126
4977
3200
2914
1045
9292
8325
1251
9295
9296
9297
4268
6276
5677
188
8128
745
9304
9305
9306
9307
7246
4461
10
6109
7396
9313
3666
7209
299
3622
47
2340
9320
5571
9322
9323
9324
8897
3221
8939
9328
8661
7723
9331
9332
9333
9334
812
9336
9337
4827
1363
8183
9341
4752
9929
9108
9345
3294
2152
9348
9989
9350
9351
2388
3880
9354
4031
1055
3686
9998
9171
8538
9361
9362
9995
3668
9365
4192
8770
9368
9369
7276
1365
9913
9373
545
982
2101
1430
2591
9379
3070
6087
2023
4473
6401
6023
5430
9387
9388
5621
9390
9391
9392
6857
2014
9395
9396
9397
1460
9591
6837
9401
9874
4608
9404
8801
6124
4419
2133
8560
9410
8873
9154
6981
2760
9415
9416
9417
2348
622
7232
9421
3790
5733
9424
9425
9426
4782
9074
2697
2798
5953
9432
2066
7972
3873
8471
1532
1681
6711
9440
9441
3861
9443
9444
7102
9446
9447
2446
9449
9450
3367
9452
3816
6059
8927
3397
6460
6895
9459
9460
7462
3102
2625
5695
9175
9383
1594
7664
1196
9470
9925
5877
5725
5520
647
861
9477
9478
3638
7760
4751
9482
9143
9487
9485
8890
8906
9488
666
5719
2460
6594
2887
8129
2037
9611
9497
9498
9499
8838
8123
8309
9503
9504
9505
7746
5329
3911
9945
9510
9511
5453
331
9125
9515
1962
9517
5931
9519
9520
1587
9522
3836
6768
730
9526
9527
8052
9529
7869
9531
630
1707
9534
2762
9536
7281
7672
7423
9540
3937
9542
6224
8066
9545
9546
8955
1738
9549
9550
9249
9552
5246
9614
7780
7394
9856
7027
9559
9560
3084
8983
9145
9564
4831
204
9567
9568
9371
4496
9571
8194
7838
1938
9575
4739
9577
795
5539
9580
9581
8224
6705
9584
3740
6997
5955
3737
2694
9590
9399
9592
5386
190
2206
9596
2598
569
9599
6270
4785
6095
4924
4911
4545
1734
9607
9608
3012
9610
1181
9612
8149
5180
3165
7811
9217
9618
8692
9994
2950
9622
9623
1226
9692
7245
5914
2298
9629
6374
9631
9632
9633
9152
4053
5882
8366
2972
9230
319
9641
3882
9643
6663
6692
9646
5003
9648
6430
9650
9651
4624
5738
2485
9576
9656
9887
3338
7458
9660
3574
9662
1373
9664
5510
9666
3707
3547
237
9303
6596
9839
1409
6598
1648
9676
2565
7443
9679
5393
9681
1119
3079
3603
9685
9686
9687
5580
9689
1201
9691
4813
9693
7037
6926
7930
636
1416
9597
9700
9701
5990
9703
7556
5282
3469
9707
9708
6243
3784
1327
9712
9713
9714
9715
7988
371
9045
1996
9720
9721
4896
2618
9724
8308
9726
5129
5163
9729
2114
9731
7135
5207
8723
9735
3376
9737
1255
9739
9740
9741
8398
9743
7106
8721
9746
2730
1832
9749
9750
9751
9752
7430
9754
5822
9756
9757
9758
9759
3437
9761
8638
855
5927
3660
9766
8211
9768
9769
81
9771
4091
9773
9774
9775
8708
6898
238
6048
9780
7267
9782
9783
9784
9785
2317
5367
59
3791
4013
9791
5799
4943
6978
8109
5380
2952
284
9799
1894
4671
9802
5193
4162
9805
2878
9807
1899
9809
9810
1400
9812
9813
5356
9815
9816
2222
9788
9819
9820
2238
3818
9823
9824
4997
58
9827
9828
5484
2336
9831
8120
9833
9834
1179
9836
893
807
9672
9840
9841
9842
9843
9844
2385
9846
1578
9848
2024
9850
3648
9852
9796
2844
8019
2679
21
4839
9859
9860
4240
7146
5049
9864
9865
241
9867
3841
9869
9870
9871
6333
9544
7132
4377
9876
4437
6758
9879
2033
9881
3260
9883
1993
9959
9886
9657
3643
2851
9257
6363
5619
4959
9817
8189
4794
9897
9191
9899
5563
9901
4303
1261
9329
3212
9285
9943
7692
2316
5056
5264
9912
8164
7552
64
8105
4396
3075
1212
65
90
7185
9923
6493
4487
287
1625
4933
1390
833
8111
9932
9933
9934
4118
2602
68
9938
9939
9508
4636
9942
9907
5705
8341
7307
9947
3277
822
4474
1289
2536
4849
7825
9955
1141
9957
9958
7261
2349
7212
9293
9963
9209
9965
9966
6622
9968
9969
9970
9971
6847
1774
7488
9975
9877
9977
9978
6681
1515
9981
543
6231
6211
878
9986
2363
9226
6823
4002
9991
9992
2687
9673
9207
9996
2853
9358
9999
464